5.1751159739133445
3.550859019830127
3.1526443074392625
4.253068863752623
3.6513686882433287
4.801467680139912
3.9041343234568116
2.0111165431582516
5.642570416746518
2.858688972764784
3.3593937254107376
3.1662778334023964
3.430487310409785
2.5376616038205717
2.927006262632889
3.9160739741720363
2.4791489070191326
3.0460844927398565
6.152804219600992
2.3226035895382973
2.581739779340729
5.905732710100769
1.8395726828954388
3.632267837450996
4.829279598788148
2.8992642021649107
1.8426222866819588
2.6609195620306627
3.295591103325161
2.179564192471884
1.6141079634184912
7.199432578815425
4.0482521217582645
4.535754534261947
1.4337268093244717
2.5438394551868866
2.2754005926145267
4.630782379602427
1.5991240941386873
2.812024347889162
2.8936427021514106
4.6596166709949465
5.828255566861604
2.420967916437262
4.147543550298371
2.0150063360913135
3.786591703233902
1.6606948262332715
2.2314242159948283
2.752093823683635
2.0507517756248235
3.066834569747635
2.1420798965235726
4.846126979164993
3.0705935984714703
3.2664456746758113
2.8385770885576576
1.9689463370233098
4.641399355264863
2.6927693265453807
2.4952409095459656
2.0011629149725487
5.457687655195835
4.209423025361873
3.224896802973023
1.9800777798020979
5.259848605418454
3.6144739769517433
4.483261304021097
3.0401772466489256
3.9884255320069975
3.7996785045092696
2.4428218764008163
3.915482954382099
3.6700516775760907
3.9689645610065685
2.977251847266547
3.4727439275968726
6.304620184018843
3.7153411852293363
3.2886236669564
3.944968305538039
3.667133741533935
4.247439732885376
3.4694633750985386
3.4266882643999947
4.935256285986056
2.128892385157885
5.495716845034647
2.061505346634037
1.7998123869440208
2.6189948750303373
3.3238019346040506
6.194689342677887
6.041140632390514
1.967062355908583
5.516388341655035
1.9999239345732476
2.137985555825636
6.094686925804037
3.6027736688757797
3.584726770784004
3.888786173925828
2.9756847555549193
2.895374132739212
3.954992925032446
2.0235753703345813
1.536054507900828
4.374877184152176
1.3396730720348708
4.177676209137497
1.53922293696477
2.541618795815847
3.6523449737941465
2.1731929401002263
4.679949938224156
2.226115515779885
3.008303773029809
1.7817976616744389
4.166652674123473
5.1378991763382995
4.415731603029779
3.8096640154446133
3.979708383511742
3.0769919706920645
3.405598882237005
3.7768956952417025
2.412522363312917
1.7786557574260333
4.01346322229279
3.3339562616958673
3.6891214230158513
5.140433601269269
1.7279415648801477
2.5107766317663436
4.585661891905366
3.707859496783884
2.104081092196864
3.9675517549316734
4.406902582062687
2.3034382531811226
2.7849156564133786
2.2769650555920657
2.3711067934787415
3.7696290536212893
2.2031274442016033
4.728005022163235
3.4177163241340747
2.590173409187678
2.8545956563204693
4.733338890963519
7.020558079950222
4.233357793156217
2.365104117613476
2.147466744783847
4.552396883322611
5.5545508505161
4.696758681710888
3.2813656150607944
3.697022460320469
2.578960224760124
7.372169296034236
2.365939914622993
3.0624166067442524
4.901474016310924
4.124746303047595
2.934565158479829
2.5904922750145962
3.2750089027707343
4.480021928311049
3.4352360083413562
3.2240761366725637
3.648280089026357
4.063374423518031
4.917213967159293
4.3014909107511015
3.1257746472991097
2.401990961761186
3.4391541483032535
2.6808244136356616
1.640651148040604
4.447511804938661
6.357782305080513
3.3733156222875995
4.640728060768396
3.5983485605551735
4.332104180218825
3.4634171754145933
3.9310571961903746
3.7658629143825904
3.496535049813957
3.167971480444099
4.721562413705029
4.071553019212253
4.021236738249573
1.3698825834887773
2.6692037239676565
4.3545760558725295
3.9825037528413145
3.2445613843365817
2.471601167762506
1.8081210874592384
2.547956009180761
3.288421390563165
3.0923244219985815
2.6564379012801713
2.8780543333475337
3.9180704357860465
2.0908020711971127
2.6455285278216314
3.0024170852486987
6.23857481101728
2.263460633065121
3.8277202604833396
2.7651150406132
4.718551937571608
2.9142856493743743
5.1162391488786545
4.567874285132426
4.484316162572477
2.924929003606229
3.033808272402252
2.980130380453101
3.9765966406244293
2.2989515297436736
2.355768078002366
5.904121402322454
3.3230074313894096
3.0438182328468786
3.273736325425662
3.8021844958442697
1.9119986650225684
5.156813256697331
2.449339002964452
2.3870605417706043
3.412515415771897
2.2212422307349677
1.7039415360794623
3.6529576415548553
4.191070426839892
4.134463646871597
5.037911173884733
4.487547234389754
2.0732362184220134
3.2109331169044064
4.725246190691356
2.6062080726133767
4.094549199361119
4.062798471751664
2.4159546665668414
2.886902798228848
1.2778814591053866
4.6090048778100305
1.4707790806462566
2.1482803678692237
4.831569309524881
4.345312554856599
3.990694968474196
3.1851293590230805
4.986316110626539
2.8525458353223536
7.816481910509414
1.6843726096036864
3.5672857442429495
1.4267588230933663
3.2935706206280773
4.46792507279526
3.2828198878905335
2.2138444346367057
1.8924834428616495
3.7267975764967143
2.5266292315159338
3.7430449478737153
3.338772746674805
3.7743631468493155
4.785716497441915
2.018552368427136
3.198225835233204
6.360691839695964
3.346161130812252
4.106469719544267
2.7397956324712425
2.9908154095548394
3.093703708518682
4.545366126607089
4.140690786427256
2.6145915418241303
5.774544916496283
2.29689018094459
3.0067362331461145
2.817035999802897
3.8077840222977715
3.156139478189503
3.782281039954693
3.132342624876597
4.83425266455806
2.6350156047972644
4.433366180129857
4.204105144582667
2.3326658034332115
4.080759290573271
4.992772102759406
2.535499120044247
1.9695851764890187
3.239503880466801
3.2830530444988177
4.173477894261463
2.6022524101985174
2.3663766053823267
4.400303098299021
2.3535016106388507
2.5923167840620884
2.8041170875223522
1.96822079446477
1.5065053389219474
5.161934191813227
3.425697738317794
6.397202085245954
3.2175531475333807
4.462487645434978
1.719531001387551
4.854562232915762
1.466752279319277
2.7678372060589065
4.712323034654184
5.975491856287858
2.2732630653430057
4.594260194316934
2.434333006389194
5.462340577119405
4.1476966447303285
3.185621855161483
3.320725522326906
2.4295944370996776
5.426181246653679
3.374512410355151
3.523570465993453
4.459211925428683
3.9949929590708178
4.110660550773724
5.264966588271875
1.1227348934310755
2.9567338127382907
1.8040832355696883
7.000127762728782
4.791250491964651
4.014634630051351
4.334575953547742
3.2798460368393907
2.4096488513101413
2.701312091024043
1.9741129768169574
1.9499313805598009
7.152916869015503
3.30136450601661
3.3557418824372913
3.5631746354043785
2.8206516200745337
1.1741425538357868
3.794009451279693
3.404199906770362
2.696441481575824
4.35855979569838
3.505730132709565
1.989437037925276
3.532274255222572
3.1590553664678427
1.3921410552787967
1.1950416698731396
4.824129042005619
5.774580159929152
5.628779907510196
2.0113944458372277
2.7849833812490727
3.8769381951837985
4.776346984292958
3.6868883300257678
3.5627747481937635
2.688083856925458
5.385684756561076
6.439489610970365
4.003049443949685
1.5972039251287882
2.093470053084985
3.5649296211700965
5.374216608448415
2.200183478642454
2.749568049426657
2.63954574585842
4.199673069112254
3.969924240873831
4.6564749864543185
2.7608225309074097
3.4543564741434327
3.5742589310810016
3.717861507593612
2.1464022771988924
3.3628494930890516
4.086292312374374
3.9397493783883784
3.6357264950587442
2.282335447571445
1.777963307359218
3.28411655871868
2.331401964482523
4.674225084711103
4.306058989259871
3.136124284037431
3.7628014469164586
1.493961514175522
2.6762568916963825
1.4840385918949899
2.7171552936005403
2.126867087369789
1.7124728157536262
2.0044351285233324
3.713939547621011
2.258127384479214
2.177612773364989
2.7656896241314217
3.7464310840290898
3.916252775574527
5.03497198130816
3.1731668967522633
2.9408459079853113
2.198832298254985
2.878606353132852
3.3870735473912883
4.931194392548125
2.2838377125461244
3.765978270822516
5.308158216172728
5.504972361130893
2.9388375640089173
2.8886412019870713
2.209383646902932
3.2817671523643592
2.621458135909137
2.484304341952441
2.979609198019881
2.5636685382947637
3.188980726569321
3.3368734441691985
2.3190125239145947
5.360539532725303
2.973244576804974
4.825697975285271
4.005669531886402
3.790163783959762
3.0907013779722163
2.6096687431770627
2.070314818156305
6.137246348922801
4.63445649290562
3.152211042826558
5.024121676137431
3.94566777216944
4.994115648620047
2.7247459711901416
1.6683733039003221
3.0316787360761634
2.121582014961929
4.011794011346614
3.220004242339933
2.464932865216313
3.5212677504809142
2.86996027420066
4.431981702271561
4.664564787704095
.7135203472713273
4.181072484811123
5.139869829459351
4.577341672175803
2.5430559695146413
2.7462677287890953
6.0678755744097055
2.3790033100583843
3.902231457510216
3.6802780501209846
3.8585587605658676
3.7755121640480143
1.0057290715681526
2.451146852175347
2.533968878283746
2.7370578562534416
2.2914719625892177
3.0716950331561885
1.85111438814179
3.309352569481676
4.154288981680978
2.1296072017375085
1.8149411980819614
3.672082873743576
3.9346352593151406
2.4725182347942067
3.40077382563967
4.023674440000902
3.228378446366102
3.92828805148081
2.9789804512493836
