4.066586900143019
4.365616449047309
5.074674853533531
5.307789855715205
3.2056402242491986
3.8550849438597288
3.9016972430674017
2.0374368282252586
4.699896317131466
2.2008666390803326
3.8650270472773802
3.129740845681734
2.804965595716838
4.931336602210688
4.115736464694559
3.6665379120247303
3.284365191915253
2.4093160513173575
3.409822135479916
6.240785119330344
2.1395176736851194
3.9765126307501872
2.236500596981989
2.7288738363708447
3.238540375220825
7.500108350176578
3.806256101260775
3.6694693385035286
.8247882740359213
1.761211041288887
3.431995734113931
2.9426965375363525
3.8374652539204677
4.57605035068683
2.1940680150519363
3.362636789900739
3.259638336965183
4.512670904014968
3.2791252624683036
2.980902095436056
3.8784754624350235
3.998096488371634
2.832512982155146
3.4817983492628595
4.502440936318747
4.953678013706496
3.8091143928853
2.601474260786576
3.7936901692716645
4.355730091310492
6.188959517637482
1.7707608602288278
1.869271694500619
2.1497938331165543
2.621215143699587
2.380517353804495
2.591796628877847
4.479417005014418
1.9607953417770947
1.2696787019408047
4.211084063535039
3.9244108563400957
5.6150510923448165
4.607021476661908
1.2925695104895543
3.086118038224824
1.6715365125294643
1.2607942682045006
2.7346869906280094
4.504105818444591
8.64729490102615
3.796529328548919
2.3251158430934438
3.1613258276969147
2.3253680613803045
2.9207262364967863
6.032672662949579
5.426025667382653
2.2687391971659596
5.409546074218873
5.131260690539253
3.1668834418917817
3.264308602582318
4.387037281182933
3.849551707350053
1.4961871857993456
2.056862307026317
2.418333855859982
4.6390356575883995
4.424820955046911
2.736082620041675
1.5397480516058264
2.083776851728489
1.4858949903363943
2.3477780762256915
2.4003091308196742
2.7382633265461362
2.7157783570295253
3.0396450363192518
2.9911960826753696
1.3629856912944596
3.313246045800039
3.329091164481889
3.7016511847966003
2.113415346650138
1.8541579499794736
1.854213516417576
3.3462272972768368
1.7309120813794723
3.423974407751744
6.56557371745785
3.8815270877221386
3.9263273943499186
5.12671403993561
3.606080339172991
2.4198938808001893
2.492733260613986
3.1677359187190226
6.132137692389719
4.967244887780146
2.3036014205440436
2.394271027576633
3.570844364578722
2.246683739490083
1.9838760102652453
2.1650652058142015
2.477751440709152
4.163121817241502
3.815511192209885
2.3612403907756456
5.475731053343059
4.818317743481615
2.979947846232264
2.4207010499467074
2.4307695545330064
3.557732786681603
2.1584621796040477
6.840385269311299
3.518614051054013
3.5179262446889097
3.8063486729016196
2.3535618820201645
3.796719003165724
6.169642588737461
4.739588876342528
5.182335780270775
3.913415588168281
5.185545363526004
4.4296346147729935
2.3985829146824043
5.866681028965543
.9463479575869238
4.575311710176018
3.3314443854675644
4.334846636594524
3.1009316601087433
5.836675528198012
3.1532463383388047
2.856036462320463
9.635596959830444
3.8505595370906596
2.221994462333119
3.1434662755136293
2.6642933630723524
3.9968979898438572
3.6966840015488893
2.7412624700981634
2.212000998446126
3.7681545320700076
1.4807316354386548
2.5052523347185627
3.9543322452448115
4.373556356103233
2.0831454488495575
3.2675937815407154
5.103280085417797
1.7799995863042768
2.5747290472998285
3.47128916484376
3.9740613788260357
6.6836434994650045
4.006666896301172
1.5100640783686432
5.3003888763303095
2.341891502688348
1.7709572616615754
3.211679737034916
3.7579619456537574
2.1187035974846986
2.576227607730198
2.469006615744472
3.0392678462355214
4.202338949305065
5.499260960600127
3.5387858820497518
3.0420342749696236
2.1523577045831708
2.4220729630270297
3.0697399902102322
1.6548962069229838
1.8033657919846202
3.3806126541000703
2.9781881082506154
5.384205864872599
4.642103900248357
3.516945486939092
5.184976428568663
2.9921384564141786
1.2968427848668045
6.454088498239753
4.2710164194910005
3.3209689653685506
2.7843057045270183
3.511047113069938
3.1597242108948014
1.594353778396265
4.642036571551252
4.268385823540913
5.692678338845376
2.490919065179955
2.0938748868062413
3.7813968036809977
4.504017132947253
3.396501603507566
1.5220194212908025
6.43458933122353
4.157542111004475
1.0741763678979848
4.431615211136981
3.384162420142196
3.252929117381696
2.615386525417144
4.61705639310989
1.5465222700805987
1.33969221788524
4.109129771815266
6.431078818700258
3.0151912320336884
4.367236583049892
4.756297493243765
3.536936832775093
2.82359985470696
2.7908020289614064
4.379985364812548
3.383789215064363
6.009887091332321
3.149959644695716
5.40599109040518
2.342332756790946
4.285442504832658
3.6535789732800588
7.938378923979272
4.813252737998469
3.6402473137041302
4.9791779592009915
3.402207139417718
2.5888375246483446
6.673032912529818
3.4596843239716204
2.1748362534392016
4.272556305666806
2.745025276874014
1.8826054846326563
2.973517993866749
2.0121130944220815
3.6699261729896353
5.507315086591959
3.066472691413835
4.20352676059806
2.7213999230796517
2.778827870967315
2.513311975942659
3.759573423683202
.8681325489573278
2.576318125918357
1.614542749110844
4.128725415446739
3.897139166691373
5.560657112506126
1.3607117158450905
3.6223033187901623
4.816636601298264
3.6803675798177715
2.684276990601519
4.041850030405231
4.1064741511035345
3.126986663252187
2.4554714398683957
3.326010245946158
1.9080421182397143
3.4368802560962086
4.347599843724076
2.6864060790947573
1.5178446297481574
3.0776435148788512
3.4270376306254007
3.163807408982888
2.0635331534346766
7.133540035748616
3.295800727868074
5.536440759596907
3.7608512128380265
2.393122831831812
4.538042551327244
4.87961473835163
3.863572994199594
3.0579129459960925
5.879321572756908
4.693913052064527
3.438056468105128
3.5084972881550307
1.769823675427524
3.866339431012763
2.3747667300727433
5.59630784137038
1.6629618482246327
2.5511007314946186
5.40101824324364
2.4384050064345293
3.0493422405248296
6.416035386927254
2.575580899924702
3.2288694185168283
5.075410851435354
2.9433676102361512
4.592622568284536
3.8207012981572976
3.851840209589172
3.22479510649116
1.7011497981339927
2.7868592573371047
2.211681356110951
2.336391942973441
2.955214191200246
3.9978502133666924
3.335449622105201
4.223822265400145
5.891786434271692
2.1880329513021906
2.874859635378785
3.5500861146108957
2.762337939164794
1.1137342615980959
3.446903532584379
2.228363102209915
2.1606993417824394
3.213397487870947
4.525167489028606
3.8020793167267266
4.373493077810679
2.174533452301018
2.656253735956209
3.38530496192762
3.109468318464683
4.953695180130118
2.8219746967073625
2.765771903117247
3.259647522803083
2.492605077540804
1.5121998123981197
3.215984902669791
3.1534017037630635
4.844815233270538
3.14965820876599
3.238874332360446
2.8728488720401035
4.284977678144692
4.342495087801216
.8237218465363292
3.5898426437233604
3.9617526853540337
3.685359750401351
1.9047713841151854
1.8222149721343224
5.577247893236777
3.169879918623128
2.956541534029156
2.1741498978712666
4.1385474173278505
3.185547905986023
2.4990473814500755
5.7049734232433185
3.461362404342179
3.6566710285149675
4.93304039893822
2.0901504855689064
1.9421259132097795
2.392726276946216
5.32254429190779
1.180845724851209
7.478022154746651
1.2507715481999273
2.0619680160671585
4.108382166055595
2.706935671857038
2.8739629552208577
2.9453332121389177
5.947888621335089
4.331406483614575
3.2444533323622196
2.359594195833951
3.5988105084485347
4.356521107764676
2.0838956087569964
3.9379152569582563
5.115852845361517
2.355009350683237
5.772674149571419
3.024170540255298
3.1514048949394224
2.4536053185876288
3.6147392922828696
2.3052663286385746
5.978334988314045
5.967861751497612
5.220492891636336
3.1101231717681244
2.6863853802877284
2.1444697741811143
3.4456410543972837
4.150129489839175
2.094788541796714
2.563624495533965
4.158496434936987
2.1401979381179324
4.232172870677432
4.228587876538302
1.6246850948161558
2.807933929280545
4.299194669919433
3.522861735519707
4.279568320255485
5.3334680787672895
5.858911160082731
1.9305977721906586
2.331843162071264
3.481173035489755
4.237810106974615
4.733907215647185
4.482553755095832
2.818990780497272
3.7054300764470347
3.505443044153794
6.810235401888773
4.4121442517098055
3.3314665176078218
3.6037944930587935
5.066586427987714
3.1011267743756394
1.7010902590971124
2.8121181815217673
1.4263409855406404
6.733298455476531
5.025876856290228
1.8707415390678417
3.235834413911934
1.2981138949557425
7.628277487984843
1.5610964330033466
3.68180138393063
4.720546709891087
3.8211833682873535
3.5260070815353046
2.1263732265649646
3.6566944536883756
4.014251677969548
5.7871056502417035
3.2883097374127863
1.8443673631049307
4.391592492242758
3.9005218231436145
3.113265150377995
2.1967476823361882
6.5291617641933035
2.0860949774934436
3.60950455492291
3.598276008779397
4.0098432457186295
3.809277141893319
2.7688929073105295
2.487206103284714
1.5251412188712818
1.9766507922844534
5.64438698947246
5.45249388662411
5.080929223990933
3.6945149150744574
4.485293401856789
2.0974670472055625
2.810271987160339
1.2864282080727822
3.098967125246649
2.6336874522064027
3.4947661735277524
1.4765355427980216
4.763825094681667
4.544207329145613
3.241976353002137
5.037804829773848
4.019949319321231
